0 0 0.26366231442758664
0 1 2.090543385186246e-06
0 3 5.438983253736499e-06
0 4 0.00068089734423848
0 7 0.07737990449377524
0 8 0.029668945524723253
0 9 0.11696310084287329
0 10 3.678772104719679e-05
0 12 0.003885365804200989
0 13 0.000338869317975575
0 14 0.01090360283527586
0 15 0.0006419178329668918
0 18 1.4581924307772307e-05
0 19 0.000269039676619563
0 22 0.00016635690073965993
0 23 0.0025391891352055888
0 25 1.022523514134204e-05
0 26 0.004823698192743944
0 27 0.020850727744458453
0 28 0.06290885169199144
0 29 5.413012865681852e-06
0 30 0.00956514204473303
0 31 0.004105545218633385
0 33 0.3092636474704212
0 36 0.0016790987854716122
0 38 0.10973733018628742
0 41 1.575300987078695e-05
0 42 0.00016213756734071195
0 44 3.100033232290818e-05
0 47 0.0009645105714054395
0 48 0.0006370908356914931
0 49 7.300323611780066e-06
0 50 0.02503026601933582
0 51 0.00041365045946660994
0 55 4.588214815487539e-06
0 57 0.00011715089034676629
0 59 5.430275321289955e-06
0 61 0.10099867097830253
0 63 0.007058484214050503
0 64 0.0026338007242586205
0 65 2.6569631657523622e-05
0 67 8.271157899573532e-05
0 68 0.0002441622977545107
0 71 0.0012237653694333163
0 72 0.003297263981584366
0 73 4.342580367088092e-05
0 75 0.03843339472022526
0 76 0.12235411314651376
0 77 0.12319508474629041
0 78 0.0024339847405368984
0 79 2.9665464663815846e-06
0 80 0.00011385261539534362
0 81 0.00025312004005551534
0 86 0.0006810561983625523
0 87 0.0025621550742515693
0 88 0.00026200939635718536
0 89 0.08088903181032948
0 90 0.10152611469941623
0 91 0.027885055864650652
0 92 0.0020473578572139193
0 94 0.00011708702746644521
1 0 2.090543385186246e-06
1 1 0.10436161423277736
1 2 0.03659246685661699
1 3 0.07522115098669448
1 4 4.8663781621625894e-05
1 5 0.007949202669256585
1 6 0.004018842254006879
1 7 3.333329935008166e-06
1 8 3.433533537998661e-05
1 9 8.23573355855565e-07
1 12 1.172104819360857e-05
1 13 0.002435137494606412
1 14 4.387433832377955e-06
1 15 0.0012640222752831746
1 16 0.0028616814161465543
1 18 0.07425197576851944
1 19 0.0009638635458287249
1 21 0.0012766161613067617
1 22 0.026898666208578944
1 23 0.0002376224926962346
1 26 0.00045017992626206454
1 27 0.000273872777828749
1 28 4.04197967757292e-07
1 31 0.0009590458736490073
1 33 1.5065216720574702e-07
1 34 0.08421691622739069
1 35 0.0008629562025240416
1 36 0.0013966745544322229
1 37 4.584311319748221e-06
1 39 0.00039961000338935716
1 45 0.00137510926728212
1 46 0.005903904800679571
1 47 5.514422132120516e-05
1 48 0.0005537758554912355
1 49 0.07033726760239453
1 51 0.0024420928316431292
1 53 0.04822775554953867
1 54 0.0037636459520858736
1 55 0.08372428291235316
1 56 0.04917841115772541
1 57 0.0004468727660001587
1 58 0.0021031654348235237
1 63 0.00022733908035057877
1 64 0.0025694014176041655
1 65 0.043897255617748494
1 66 0.0007199863357901778
1 67 0.010720708989188095
1 68 0.011167742018874091
1 71 0.0025138942484482997
1 72 5.143463549975003e-05
1 75 0.00021333603785752162
1 76 3.8780584244415745e-06
1 77 1.160773824888761e-05
1 78 0.0019037942328698515
1 79 0.005487949697728632
1 80 0.031214217049401128
1 81 0.019734308153253485
1 82 0.00718644298043951
1 84 0.0028366342447163828
1 85 0.000443181714228647
1 86 0.00018110242789700815
1 87 0.00013323934122113528
1 90 6.95487901282184e-05
1 91 2.6272115439684255e-06
1 92 0.00029898160791179624
1 95 0.018637736083818895
1 98 0.0019724810825338785
1 99 0.035957931427595825
1 100 0.05864097415716487
1 101 0.04937260492670674
2 1 0.03659246685661699
2 2 0.11368660062546726
2 3 0.040326785548306494
2 4 2.6475688149556323e-05
2 5 0.00043667182928927806
2 6 0.00032011656658424595
2 7 7.549892694377105e-06
2 8 6.557444847185201e-05
2 9 1.4317311762854245e-06
2 12 6.036399516747195e-05
2 13 0.013596916354050954
2 14 3.089210168276681e-05
2 15 0.004481008638041444
2 16 0.006088529492482378
2 18 0.042113016585323265
2 19 0.0015618171159799232
2 22 0.006755347109180657
2 23 0.000517167519954232
2 26 0.0006683147196766053
2 27 0.00024390480060783174
2 28 7.746541555784223e-07
2 31 0.0013166024012000305
2 34 0.029457357022400328
2 35 0.003445811016224231
2 36 0.0027966181784496095
2 37 0.0013483869435395122
2 39 0.002994492582051945
2 40 1.996969383341167e-05
2 45 0.0016307807722752451
2 46 0.008010612013051565
2 47 0.00041011539675471796
2 48 0.0021311717015959166
2 49 0.015243894482683816
2 50 8.473601384526569e-07
2 51 0.003462002264209199
2 53 0.07962686843116339
2 54 0.00039145333712262023
2 55 0.046919341102501864
2 56 0.08136226385290585
2 57 0.005823578621613634
2 58 0.0854858592200208
2 63 0.00027386666234782274
2 64 0.0012196863797743175
2 65 0.012055932205428034
2 66 0.053768437562266715
2 67 0.0023359082974219957
2 68 0.005695076430061549
2 71 0.0016182504309905864
2 72 0.0002094870465251081
2 75 0.00018364016228371386
2 78 0.0023964474540063333
2 79 0.20865088711421362
2 80 0.022516315428834123
2 81 0.00560709813228921
2 82 0.002211684230378799
2 84 0.006893453002829136
2 85 0.002051962840439243
2 86 0.00034265830047229995
2 87 0.00046291166843565127
2 91 7.42264717131298e-06
2 92 0.0004927884322686849
2 95 0.02817514187518631
2 98 0.003978225125194413
2 99 0.09856080397629985
2 100 0.07640378522175649
2 101 0.023643292928716687
3 0 5.438983253736499e-06
3 1 0.07522115098669448
3 2 0.040326785548306494
3 3 0.3331435122380193
3 4 5.4720993213087544e-05
3 5 0.00011806148739822682
3 6 8.795282541212893e-05
3 7 2.3877958195990182e-05
3 8 0.00011559300960730803
3 9 7.36121261124779e-06
3 12 0.00011623845978407454
3 13 0.008923406644182124
3 14 5.992840613334315e-05
3 15 0.0058180090427614115
3 16 0.0008616870327353145
3 18 0.24056671454753245
3 19 0.0012102676610915267
3 21 9.462412079402118e-05
3 22 0.052437468826655266
3 23 0.0007102916076665648
3 26 0.0010933126054599857
3 27 0.0005382862474397119
3 28 3.452770386530005e-06
3 31 0.0022448354521742786
3 33 2.4334954952604405e-06
3 34 0.09697441931363182
3 35 0.00021286979928133925
3 36 0.002759848244466718
3 37 2.775634162431373e-06
3 39 9.94712734800678e-05
3 40 1.1329359316637134e-05
3 45 0.00015228203893591268
3 46 0.0011780400109496125
3 47 0.0002663814410704849
3 48 0.0028332071634343593
3 49 0.09676900641989498
3 50 2.5318075710541153e-06
3 51 0.005156754670848852
3 53 0.028835744879642366
3 54 0.00017320653663064532
3 55 0.08977397305045572
3 56 0.03437520409725693
3 57 0.0029553886483150047
3 58 0.0008417832914902194
3 59 5.363497787919184e-09
3 61 2.729174053641502e-07
3 63 0.000574442999922846
3 64 0.0068239360155975875
3 65 0.10352900237521771
3 66 0.00014276942639912987
3 67 0.00798003080206718
3 68 0.03324390014492659
3 71 0.0051387692037544955
3 72 0.00023847686361701552
3 75 0.000569499930137329
3 76 9.490605870561013e-06
3 77 3.626873946792691e-05
3 78 0.006154047790393269
3 79 0.007152176113990813
3 80 0.10597974911921632
3 81 0.03931031527999148
3 82 0.00040186193410439474
3 84 0.0007449029892431711
3 85 0.0001557449811830934
3 86 0.0016708318638885091
3 87 0.00045599220121911733
3 89 8.412765093221082e-08
3 90 0.0002786033081847975
3 91 2.1717032442151646e-05
3 92 0.0008282548691913688
3 95 0.007429362501652893
3 98 0.00038000244788725105
3 99 0.02301949476304662
3 100 0.0556243064466543
3 101 0.013000938228227303
4 0 0.00068089734423848
4 1 4.8663781621625894e-05
4 2 2.6475688149556323e-05
4 3 5.4720993213087544e-05
4 4 0.1650811174970951
4 5 0.001104537825602008
4 6 0.000717336345005877
4 7 0.01228727267251213
4 8 0.01154564521657006
4 9 0.010417150961538292
4 12 0.04157557806963857
4 13 9.487665678480447e-05
4 14 0.029654437140716812
4 15 0.00010847274480514001
4 18 0.00016541881075921114
4 19 0.02256019333111541
4 21 0.0032318610598887926
4 22 0.0033793764519075855
4 23 0.012466422446645637
4 25 3.706184562726752e-07
4 26 0.008627622731436427
4 27 0.010409267896132352
4 28 0.01741733329026149
4 30 0.0025933664391888
4 31 0.003092708865924107
4 33 0.0003088096364411956
4 34 0.00025122774872517417
4 36 0.004059150689590905
4 38 0.0031217765815531014
4 40 3.311976604197272e-06
4 42 0.03182788491316148
4 44 5.258532018364669e-07
4 47 0.050573724042214455
4 48 1.8994284863512276e-05
4 49 0.000409046137493038
4 50 0.02940435397130179
4 51 0.0019074471613525297
4 54 0.00048664551333730345
4 55 9.796949332252896e-05
4 57 4.797244462780594e-05
4 59 6.247639238880961e-06
4 61 0.006144297828339488
4 63 0.013004832910545022
4 64 0.0006369499073055078
4 65 0.001048974588270976
4 67 0.013612709397696229
4 68 0.0010750485655025926
4 71 0.0015759530190144373
4 72 0.03710367936325099
4 73 6.589365720810438e-07
4 75 0.005648974857580652
4 76 0.000564199178686802
4 77 0.0004592286555952657
4 78 0.0004749458296829427
4 79 2.9129902399446387e-08
4 80 0.0003576018789494324
4 81 0.0030480875388072277
4 82 5.423641417126758e-05
4 86 1.187073247167645e-05
4 87 0.023247668281568944
4 88 3.492506798151372e-06
4 89 0.004803394526892262
4 90 0.004840771157003713
4 91 0.026353797814539094
4 92 0.011480355625108442
4 94 1.7242527573495757e-07
4 100 1.3238484008242295e-06
5 1 0.007949202669256585
5 2 0.00043667182928927806
5 3 0.00011806148739822682
5 4 0.001104537825602008
5 5 0.22213877538185337
5 6 0.23173033393522244
5 7 1.0914902964164781e-05
5 8 4.007934563916171e-06
5 9 6.6331441632947855e-06
5 12 0.0003241398464514686
5 14 6.956095825496034e-05
5 16 0.00031687262290710567
5 18 0.0005252991293386909
5 19 0.0018184100137609205
5 21 0.12507527126365112
5 22 0.003829319054549689
5 23 0.00037026786186271214
5 26 0.00011907234071513957
5 27 6.858632176213128e-06
5 28 2.219734323522798e-06
5 31 0.000405831252508253
5 34 0.006594509349373761
5 36 0.0010200843398778063
5 42 9.553564660919959e-06
5 45 0.00013473787359137663
5 46 0.0003309274334950599
5 47 0.0009573069246850853
5 49 0.005987565833710188
5 50 4.411911793761173e-06
5 51 0.0009384046082266144
5 53 0.0013732928116405837
5 54 0.23805947836984956
5 55 0.003857938232252803
5 56 0.0012843316324555132
5 63 2.7996287854482568e-05
5 64 0.0002606374228151291
5 65 0.0012950972773558861
5 67 0.003294673162160557
5 68 0.0011179856245077445
5 71 0.0007141348882961923
5 72 0.00046676144031232805
5 75 4.6479527119452814e-07
5 78 0.00021174483700750504
5 80 0.0007979103590622737
5 81 0.002533682069540884
5 82 0.020127311705683576
5 84 0.00010560131504524869
5 87 0.0003606437273873883
5 90 4.125403420971684e-06
5 91 3.1879632671890955e-05
5 92 0.00030591784170801314
5 95 0.0005959037047519241
5 98 9.856004704267121e-05
5 99 0.00040484235655860294
5 100 0.0014797163993271278
5 101 0.0027889921554249226
6 1 0.004018842254006879
6 2 0.00032011656658424595
6 3 8.795282541212893e-05
6 4 0.000717336345005877
6 5 0.23173033393522244
6 6 0.24663126354125212
6 7 1.1048903746134685e-06
6 8 2.6860771467441154e-07
6 9 4.177852428431806e-07
6 12 0.00013203929035456567
6 14 1.8127614722787496e-05
6 16 0.0012575198428584997
6 18 0.0002792075335630062
6 19 0.001127216184530791
6 21 0.1290596995968728
6 22 0.0007240757383954896
6 23 0.00028026482979873375
6 26 6.481684616152995e-05
6 27 2.009266798049924e-06
6 28 1.398088478963007e-07
6 31 0.00024021281594489686
6 34 0.0038127040141053984
6 36 0.0005673604631448802
6 42 6.017264563563947e-07
6 45 0.00028285283271873977
6 46 0.0007073573451660453
6 47 0.0005570668226151854
6 49 0.0015940338187732301
6 50 4.380030677169703e-06
6 51 0.00038455727292054657
6 53 0.0010181587536049056
6 54 0.26044266958454115
6 55 0.0021874520587576514
6 56 0.0009545263885253227
6 63 1.3629753817750968e-05
6 64 3.5866841085640566e-05
6 65 0.0010787620599771975
6 67 0.0006838745473789767
6 68 0.00010465347737153565
6 71 0.0002730758013835029
6 72 0.00019632357294160996
6 75 2.927489595701979e-08
6 78 7.827641086750851e-05
6 80 7.119136720963536e-05
6 81 0.0004938300766527166
6 82 0.031872853332558966
6 84 7.741449787151707e-05
6 87 0.00016617011151098669
6 90 2.598364557782561e-07
6 91 2.099518935752997e-06
6 92 0.0002367915680158906
6 95 0.0005811782888913636
6 98 7.225266606511628e-05
6 99 0.0002967829305598788
6 100 0.0011302004340078943
6 101 0.002546627700190954
7 0 0.07737990449377524
7 1 3.333329935008166e-06
7 2 7.549892694377105e-06
7 3 2.3877958195990182e-05
7 4 0.01228727267251213
7 5 1.0914902964164781e-05
7 6 1.1048903746134685e-06
7 7 0.0733421910089092
7 8 0.08234195858856748
7 9 0.07258181050334019
7 10 2.2167426559804358e-05
7 12 0.032076254745539455
7 13 0.000150285163773639
7 14 0.05731234819661663
7 15 0.0006458667848770515
7 16 7.053538513472593e-08
7 18 0.00010658200240185589
7 19 0.007500146586910071
7 21 4.222158303378546e-07
7 22 0.0018071920957669985
7 23 0.016069167973014515
7 25 1.6419738481162536e-05
7 26 0.0189776998491879
7 27 0.043024518929662234
7 28 0.057805710493877366
7 29 3.1915013810629516e-06
7 30 0.013121176221603713
7 31 0.01061900545330233
7 32 2.1738611700810694e-07
7 33 0.08019018169405354
7 34 2.3798914164745955e-05
7 35 8.83167988451651e-07
7 36 0.0056738608283570325
7 37 1.1138271325271795e-06
7 38 0.040627314660463223
7 39 1.9630529657574997e-06
7 40 2.51844032994873e-06
7 41 9.287942594273116e-06
7 42 0.00036768852328244013
7 44 3.346516852255033e-05
7 45 2.5086847878761703e-07
7 46 3.828044221440121e-07
7 47 0.01457151005246146
7 48 2.7620382867426134e-05
7 49 8.246995707993563e-05
7 50 0.04789559202651598
7 51 0.0029108896049773536
7 55 1.069769584260886e-05
7 58 2.2922583795590483e-07
7 59 1.0586914818923524e-05
7 61 0.04804013473558945
7 63 0.03386209693856486
7 64 0.002781604789203824
7 65 0.00025803017578320176
7 66 1.6242861203928483e-07
7 67 0.004175394973826062
7 68 0.002115104693458538
7 71 0.004321147679890128
7 72 0.024640830867536347
7 73 5.42950906039687e-05
7 75 0.04821956789531224
7 76 0.0924886537605067
7 77 0.09094887506761343
7 78 0.003251555276222016
7 79 3.839494064958505e-06
7 80 0.0005117200795813008
7 81 0.002375251675469175
7 83 2.433688066465359e-07
7 84 1.4320658918290081e-06
7 85 1.9092192679610584e-06
7 86 0.00010271571655149142
7 87 0.019826272562122615
7 88 0.0002753573355148514
7 89 0.03915238216643791
7 90 0.06657752758766271
7 91 0.06376651805013354
7 92 0.016477743315204886
7 94 7.204780922684951e-05
7 95 1.2717152890498692e-06
7 98 1.4908682965857747e-06
7 99 2.136829750491442e-07
7 101 5.405834854365114e-07
8 0 0.029668945524723253
8 1 3.433533537998661e-05
8 2 6.557444847185201e-05
8 3 0.00011559300960730803
8 4 0.01154564521657006
8 5 4.007934563916171e-06
8 6 2.6860771467441154e-07
8 7 0.08234195858856748
8 8 0.1639696067500738
8 9 0.07341216595422909
8 12 0.04433130446225755
8 13 0.0016179023237883504
8 14 0.08896233074020489
8 15 0.0026168415365879555
8 18 0.00044411056205404036
8 19 0.014133271784263362
8 21 1.5468058238192374e-06
8 22 0.004753829532110119
8 23 0.027510404770079173
8 25 2.623512672884274e-06
8 26 0.03278147844440424
8 27 0.058592079765619795
8 28 0.05339165217736161
8 30 0.0031291760648819006
8 31 0.019812198568656084
8 33 0.02539175298629831
8 34 0.00010591646111098175
8 36 0.011973363394216327
8 38 0.01323912781730625
8 40 2.006964709626156e-05
8 42 6.576064709898305e-05
8 44 3.279207468394209e-06
8 47 0.02011889360563304
8 48 0.0008894561360813505
8 49 0.0004400934970539301
8 50 0.04906544857896146
8 51 0.008749857527635109
8 55 0.00010357119733692138
8 57 8.031879392460845e-05
8 59 1.8357897463850903e-05
8 61 0.02986848337509392
8 63 0.049681335436337674
8 64 0.01001054955432984
8 65 0.001126851395818937
8 67 0.009552907124282946
8 68 0.00702198451448557
8 71 0.011600592644354701
8 72 0.03716325806107836
8 73 8.481571061507822e-06
8 75 0.06088437751635707
8 76 0.06078914155028087
8 77 0.06043426500461589
8 78 0.009218320212276733
8 79 2.413335675136481e-05
8 80 0.002347132338934587
8 81 0.006332860335910298
8 86 0.0014246553570279464
8 87 0.03000714014693446
8 88 3.093823647749649e-05
8 89 0.019463070655959484
8 90 0.05062891625519507
8 91 0.08629136139405351
8 92 0.02855757949423496
9 0 0.11696310084287329
9 1 8.23573355855565e-07
9 2 1.4317311762854245e-06
9 3 7.36121261124779e-06
9 4 0.010417150961538292
9 5 6.6331441632947855e-06
9 6 4.177852428431806e-07
9 7 0.07258181050334019
9 8 0.07341216595422909
9 9 0.08462697101752477
9 10 3.62967099243713e-05
9 12 0.022267692972341397
9 13 3.2767194720384585e-05
9 14 0.046185648179878226
9 15 0.0003960604619136573
9 18 3.7993103623882675e-05
9 19 0.0042525801436986655
9 22 0.0008769495086159255
9 23 0.009819910994489195
9 25 3.817327778786405e-05
9 26 0.012750511456017743
9 27 0.033227554005407556
9 28 0.06445073003034793
9 29 4.536714535656403e-06
9 30 0.018146743875558913
9 31 0.006644966888197114
9 33 0.12850132667772332
9 34 7.591663371353108e-06
9 36 0.003083205997538037
9 38 0.06467100155921401
9 40 2.0954335181385156e-07
9 41 1.3202796785175494e-05
9 42 0.0007152396904173796
9 44 8.414631341707582e-05
9 47 0.009617547112923563
9 48 3.4510158849629605e-06
9 49 2.4977873927982436e-05
9 50 0.05129077224386838
9 51 0.001434841763186259
9 55 1.9664787779681834e-06
9 59 1.1059749838784941e-05
9 61 0.06761267863868993
9 63 0.02312898692119515
9 64 0.0018598593435448362
9 65 8.8151303329632e-05
9 67 0.0021555641735721523
9 68 0.0009497323185261812
9 71 0.002284225306115048
9 72 0.016968994517283165
9 73 0.00011054118884817131
9 75 0.04082450338349561
9 76 0.08071025408523322
9 77 0.0800533770383468
9 78 0.0019743302325997427
9 79 1.168676357511561e-06
9 80 0.00018249966777113911
9 81 0.001164453448378018
9 86 2.340517041783808e-05
9 87 0.012416499478470917
9 88 0.0006059394802937505
9 89 0.05783241174862758
9 90 0.06678625017043281
9 91 0.057881324472573194
9 92 0.009928132835182119
9 94 0.00012157729125420155
10 0 3.678772104719679e-05
10 7 2.2167426559804358e-05
10 9 3.62967099243713e-05
10 10 0.21594401523250442
10 21 1.2099669888491238e-05
10 25 0.22837570753389289
10 28 2.157427563692603e-05
10 29 0.10266923035233849
10 30 0.0016028607753400884
10 33 8.709257377274818e-06
10 38 0.00017568487117046788
10 40 0.05858661581501825
10 41 0.20634256636015064
10 42 0.006268236663164037
10 44 0.03653097131703719
10 50 1.9139504138817424e-05
10 59 0.24401103477899855
10 61 5.752154548707414e-05
10 73 0.024838038055847472
10 76 2.986317847110724e-06
10 77 2.589227764252461e-06
10 88 0.051920307730197096
10 89 7.982523286417047e-05
10 90 3.3097688954304954e-05
10 91 2.517675776506215e-07
10 94 0.19512897014794306
12 0 0.003885365804200989
12 1 1.172104819360857e-05
12 2 6.036399516747195e-05
12 3 0.00011623845978407454
12 4 0.04157557806963857
12 5 0.0003241398464514686
12 6 0.00013203929035456567
12 7 0.032076254745539455
12 8 0.04433130446225755
12 9 0.022267692972341397
12 12 0.08479081620839422
12 13 0.0003337557511670626
12 14 0.06929885233881894
12 15 0.0005381022025929041
12 18 0.00042953565991848215
12 19 0.03581998740396414
12 21 0.00012386120724983273
12 22 0.008099957274208053
12 23 0.05688344243219819
12 26 0.04497044584556564
12 27 0.05519500296620173
12 28 0.020368277192239867
12 30 0.0010798638406358547
12 31 0.02260705390061374
12 33 0.0027875603218079914
12 34 0.0001925160872563884
12 36 0.016860795405177886
12 38 0.0025774290915262037
12 40 2.9177811356473677e-05
12 42 0.0011601199601617314
12 47 0.06104050834692493
12 48 0.00010512600787078304
12 49 0.0005012996949880524
12 50 0.02189147309450663
12 51 0.010463183570216222
12 54 1.7018548002098085e-06
12 55 2.9467040184315813e-05
12 57 6.64685902676693e-06
12 59 6.331215207478501e-05
12 61 0.007427263172811465
12 63 0.06735285260634524
12 64 0.004332939886727687
12 65 0.0015660798097631543
12 67 0.023641536463049787
12 68 0.007342347224356036
12 71 0.010547375465739053
12 72 0.07268375158172811
12 75 0.03844516704238772
12 76 0.010973271252360747
12 77 0.010631996617329031
12 78 0.005586103050074074
12 79 3.7424780410709056e-06
12 80 0.002099976592279799
12 81 0.009488771237804219
12 86 0.00022154887761403135
12 87 0.06419811376856635
12 89 0.0041099392475542965
12 90 0.015843125457504284
12 91 0.045949163924960526
12 92 0.0570635064524959
12 100 1.8342683516255788e-07
13 0 0.000338869317975575
13 1 0.002435137494606412
13 2 0.013596916354050954
13 3 0.008923406644182124
13 4 9.487665678480447e-05
13 7 0.000150285163773639
13 8 0.0016179023237883504
13 9 3.2767194720384585e-05
13 12 0.0003337557511670626
13 13 0.15271117198291317
13 14 0.00026094026669919585
13 15 0.16164497717265364
13 18 0.012664456514710947
13 19 0.0023873392019563965
13 22 0.02380303332065904
13 23 0.006025714280689107
13 26 0.009878575684972815
13 27 0.00641099783959169
13 28 1.6081668282393627e-05
13 31 0.017738057320692276
13 33 0.00018773670659406785
13 34 0.004002043914971778
13 36 0.011452682567051876
13 47 0.00014670568871939321
13 48 0.15970454085551
13 49 0.0055751604544033535
13 51 0.011477378801202337
13 53 0.002143154735845294
13 55 0.00510867144048489
13 56 0.0030952473426606496
13 57 0.21968619774850862
13 58 0.003467348301459261
13 63 0.00597582777533978
13 64 0.06430312325289807
13 65 0.014720469463044648
13 66 0.00018057133782338857
13 67 0.006952108121186078
13 68 0.0603025299348563
13 71 0.03366469388186304
13 72 0.000663394579325654
13 75 0.009812556294925065
13 76 0.0004892734038854277
13 77 0.0021276340644739242
13 78 0.07789289224598084
13 79 0.04505759758664665
13 80 0.05249929678958692
13 81 0.02853642200005525
13 86 0.16489456597421018
13 87 0.0020500399487256974
13 90 0.013357342825593454
13 91 0.00013091857527709093
13 92 0.006104560867637816
13 95 0.0005575197457180168
13 99 0.005954621222803676
13 100 0.004142835455260612
13 101 0.00015839413204263425
14 0 0.01090360283527586
14 1 4.387433832377955e-06
14 2 3.089210168276681e-05
14 3 5.992840613334315e-05
14 4 0.029654437140716812
14 5 6.956095825496034e-05
14 6 1.8127614722787496e-05
14 7 0.05731234819661663
14 8 0.08896233074020489
14 9 0.046185648179878226
14 12 0.06929885233881894
14 13 0.00026094026669919585
14 14 0.08603741411034813
14 15 0.0006592317777584134
14 18 0.00024112405503180122
14 19 0.01832519495755581
14 21 2.5879822092470576e-05
14 22 0.004072682229618596
14 23 0.03518686759195479
14 25 1.0505242290125624e-05
14 26 0.03308470214765382
14 27 0.0567928067214648
14 28 0.0428884457970821
14 30 0.006471695615279195
14 31 0.0163376683290507
14 33 0.008588814048286405
14 34 4.8959174676303e-05
14 36 0.009697467019059422
14 38 0.011366463878782384
14 40 1.5290145135235896e-05
14 42 0.0006956127798383675
14 44 1.4653899077789012e-05
14 47 0.03550579369513965
14 48 0.0001453452888572473
14 49 0.00021035908231818303
14 50 0.04561281589172876
14 51 0.006128177584008426
14 55 1.1577990225240922e-05
14 57 1.0267182900622885e-05
14 59 3.05952000323197e-05
14 61 0.02129450825575027
14 63 0.05956471614338487
14 64 0.0034676380793219317
14 65 0.0006598474538369898
14 67 0.01081029073939468
14 68 0.004913359109678503
14 71 0.007590116402135952
14 72 0.053008927404674874
14 73 2.0843870783163807e-05
14 75 0.043901169069286344
14 76 0.023197299985615726
14 77 0.02291334057262203
14 78 0.004028878473931955
14 79 2.3129290638203933e-06
14 80 0.0011792646311925364
14 81 0.004879853940334974
14 86 0.00021940762942633163
14 87 0.042558374112204964
14 88 0.00010252306078105183
14 89 0.015880715354519435
14 90 0.02945509592738642
14 91 0.07343798894367527
14 92 0.03582478224426355
14 94 4.1947644205423325e-06
15 0 0.0006419178329668918
15 1 0.0012640222752831746
15 2 0.004481008638041444
15 3 0.0058180090427614115
15 4 0.00010847274480514001
15 7 0.0006458667848770515
15 8 0.0026168415365879555
15 9 0.0003960604619136573
15 12 0.0005381022025929041
15 13 0.16164497717265364
15 14 0.0006592317777584134
15 15 0.18039705142226314
15 18 0.008422864512673114
15 19 0.0028617317699064283
15 22 0.026361079422283204
15 23 0.007781726903507655
15 26 0.01240878157027123
15 27 0.008360966283039188
15 28 0.00018466588504695462
15 30 4.717410999072601e-06
15 31 0.02070963597537407
15 33 0.00038008659337513654
15 34 0.0008979232982934065
15 36 0.013256685132541777
15 38 1.889770781920453e-05
15 47 0.000203466270978536
15 48 0.1533000740701865
15 49 0.003515704411393298
15 50 8.6460840047212e-05
15 51 0.012974937238891636
15 53 0.0003434517937593488
15 55 0.0021569509797228653
15 57 0.2129988443470212
15 58 0.0003947673681766603
15 61 9.338569963772861e-05
15 63 0.00783991474995942
15 64 0.08453918878035456
15 65 0.01287934242482066
15 67 0.007513082411366735
15 68 0.07298863181983244
15 71 0.040318714080046045
15 72 0.0009687189882579453
15 75 0.011673992885935689
15 76 0.0007891382629921359
15 77 0.0022395284228497944
15 78 0.09679335382878587
15 79 0.0010364564864142327
15 80 0.05836194325725835
15 81 0.032878306393156635
15 86 0.15300979599209202
15 87 0.0027886020333880686
15 89 2.4086439270526152e-05
15 90 0.01297094102109475
15 91 0.0005219282108964804
15 92 0.0077445708171017405
15 99 0.0022578222268005922
15 100 0.0012719475906454412
16 1 0.0028616814161465543
16 2 0.006088529492482378
16 3 0.0008616870327353145
16 5 0.00031687262290710567
16 6 0.0012575198428584997
16 7 7.053538513472593e-08
16 16 0.2755114652034006
16 18 0.0013543909941302048
16 21 0.00012946892966991873
16 22 1.934057582793655e-06
16 28 4.689832265927498e-07
16 32 0.0007049511790888016
16 34 0.001694835931395763
16 35 0.02925267277501002
16 37 0.010110488948904284
16 39 0.017442287206487668
16 45 0.10828070708543384
16 46 0.2436979100230337
16 49 0.000506451629552412
16 50 6.79493876176393e-07
16 53 0.021430274030884437
16 54 0.005945170012039704
16 55 0.0037072407889449364
16 56 0.019540639154193053
16 58 0.0004238900130003866
16 65 2.3930177213572365e-05
16 66 6.705956718206776e-05
16 68 4.702883599694382e-06
16 71 4.45055168249057e-06
16 79 1.1966495591245993e-05
16 80 0.00012440351787926858
16 82 0.11643692460763025
16 83 0.0014556950806925398
16 84 0.013554068089016134
16 85 0.012540610653480465
16 95 0.09505311722312079
16 98 0.013721133035806998
16 99 0.009725387857375548
16 100 0.01832247807025604
16 101 0.10226482972882654
18 0 1.4581924307772307e-05
18 1 0.07425197576851944
18 2 0.042113016585323265
18 3 0.24056671454753245
18 4 0.00016541881075921114
18 5 0.0005252991293386909
18 6 0.0002792075335630062
18 7 0.00010658200240185589
18 8 0.00044411056205404036
18 9 3.7993103623882675e-05
18 12 0.00042953565991848215
18 13 0.012664456514710947
18 14 0.00024112405503180122
18 15 0.008422864512673114
18 16 0.0013543909941302048
18 18 0.22090123870644754
18 19 0.00233184426827533
18 21 0.00027196362718142394
18 22 0.056311482434327154
18 23 0.002098204337059806
18 26 0.0030663096457046223
18 27 0.0016895762743319362
18 28 1.7291006314552763e-05
18 31 0.005316469909214514
18 33 3.2687254824800293e-06
18 34 0.1090970406399771
18 35 0.00034908084423100784
18 36 0.005323959346626061
18 37 1.483294413949278e-05
18 39 0.0001712760217092573
18 40 8.976681591911792e-06
18 42 2.3803701331098408e-06
18 45 0.0002617177712468943
18 46 0.0020311881563209243
18 47 0.0006659725475895898
18 48 0.00327359300258768
18 49 0.09788074583467266
18 50 1.2254392225677684e-05
18 51 0.0071686521025576665
18 53 0.027360826716817603
18 54 0.00039454026167925755
18 55 0.09361537083192863
18 56 0.03476413662955334
18 57 0.0031187401692945394
18 58 0.0014386437821426723
18 59 6.704399766881417e-08
18 61 1.2060616415716882e-06
18 63 0.001788024122739545
18 64 0.012161305460105645
18 65 0.1031800040803687
18 66 0.00026820268708522237
18 67 0.011165035943273413
18 68 0.034791152936708966
18 71 0.00959037325246814
18 72 0.0007150779716036625
18 75 0.0018178378145710806
18 76 3.5707710673160574e-05
18 77 0.00010264672206510703
18 78 0.011904768524267932
18 79 0.011901320056220771
18 80 0.10310754794582729
18 81 0.046275414104212376
18 82 0.0008333578679805046
18 84 0.001155655394089451
18 85 0.0002571537501913881
18 86 0.00212130267437069
18 87 0.0012382055288447014
18 89 5.234364184603117e-07
18 90 0.0007778390635563548
18 91 9.430682508819322e-05
18 92 0.0023343448562349167
18 95 0.008789635293933295
18 98 0.0005798552941132042
18 99 0.026270877799799315
18 100 0.06060747491210525
18 101 0.016449286178872233
19 0 0.000269039676619563
19 1 0.0009638635458287249
19 2 0.0015618171159799232
19 3 0.0012102676610915267
19 4 0.02256019333111541
19 5 0.0018184100137609205
19 6 0.001127216184530791
19 7 0.007500146586910071
19 8 0.014133271784263362
19 9 0.0042525801436986655
19 12 0.03581998740396414
19 13 0.0023873392019563965
19 14 0.01832519495755581
19 15 0.0028617317699064283
19 18 0.00233184426827533
19 19 0.07605830202042717
19 21 0.0012744683793276435
19 22 0.028951801674206943
19 23 0.06007758090581996
19 26 0.054328676806354746
19 27 0.03307509274639385
19 28 0.003202620962519217
19 30 2.7600462271669023e-05
19 31 0.057604132714965
19 33 0.000151925174281773
19 34 0.0032046051108915613
19 36 0.07477733150041235
19 38 0.0001601456470996235
19 40 0.0003347867182931585
19 42 0.0015680668644550845
19 47 0.055898368650936614
19 48 0.0006489316601232657
19 49 0.00560111454964621
19 50 0.0035758750363962775
19 51 0.0719563908890692
19 53 3.100060017161929e-08
19 54 0.0002831907156567599
19 55 0.0014161889481102044
19 57 4.326971961367441e-05
19 58 3.563243973103853e-08
19 59 1.6291301202875274e-05
19 61 0.000931080053319353
19 63 0.040891542689927195
19 64 0.021337964848589366
19 65 0.010711782378810474
19 67 0.06414728832091386
19 68 0.021531045781311924
19 71 0.04476671405127809
19 72 0.046945529392973015
19 75 0.02969272124087762
19 76 0.0006966364986612475
19 77 0.0008327144714957993
19 78 0.021201449594560558
19 79 2.149553531295103e-05
19 80 0.009870097717766747
19 81 0.03136848090548562
19 86 0.0013383274978241728
19 87 0.05788115688546685
19 89 0.0004815241473941168
19 90 0.005361339682741462
19 91 0.00965535432012151
19 92 0.05865039134228503
19 99 2.037952498238628e-07
19 100 8.79077814853671e-06
21 1 0.0012766161613067617
21 3 9.462412079402118e-05
21 4 0.0032318610598887926
21 5 0.12507527126365112
21 6 0.1290596995968728
21 7 4.222158303378546e-07
21 8 1.5468058238192374e-06
21 10 1.2099669888491238e-05
21 12 0.00012386120724983273
21 14 2.5879822092470576e-05
21 16 0.00012946892966991873
21 18 0.00027196362718142394
21 19 0.0012744683793276435
21 21 0.5825248088216097
21 22 0.0013640519231459525
21 23 0.00016102304188518355
21 25 1.7690884690349026e-05
21 26 0.00010244708886617102
21 27 4.1615712086885145e-05
21 28 1.8427699412417058e-06
21 29 0.001341454089159489
21 30 5.2441662740923936e-05
21 31 0.00026734473802039765
21 34 0.0017182569604567164
21 36 0.0005708539497454585
21 41 2.8858169944146714e-07
21 42 0.0034009563224929916
21 44 0.002614392915471765
21 45 2.3246083035008608e-05
21 46 0.00016207792890645238
21 47 0.0006068349037100604
21 49 0.004565822282748761
21 50 0.00012343265180720612
21 51 0.00048208896221743375
21 53 1.0015027700934184e-05
21 54 0.11155603929153128
21 55 0.0005452427945675996
21 56 1.140355880968776e-05
21 59 2.7391872137118063e-06
21 63 4.0744766981691545e-05
21 64 0.00014095533268462178
21 65 0.003240712379559609
21 67 0.0013572415541771344
21 68 0.0003199615490460372
21 71 0.0004402398239750613
21 72 0.00019544609584658688
21 73 0.0033585751391945885
21 75 1.2316706126164998e-05
21 78 0.00010876350450901328
21 80 0.0003130529036580018
21 81 0.0010407430921114394
21 82 0.004964334683858615
21 87 0.00022519322806754773
21 88 0.001804470435247331
21 91 4.88144325608217e-07
21 92 0.00013426070330074883
21 94 1.3856522489858332e-05
21 95 5.914562160546544e-05
21 100 3.9849457518797564e-05
21 101 0.00046986961458470885
22 0 0.00016635690073965993
22 1 0.026898666208578944
22 2 0.006755347109180657
22 3 0.052437468826655266
22 4 0.0033793764519075855
22 5 0.003829319054549689
22 6 0.0007240757383954896
22 7 0.0018071920957669985
22 8 0.004753829532110119
22 9 0.0008769495086159255
22 12 0.008099957274208053
22 13 0.02380303332065904
22 14 0.004072682229618596
22 15 0.026361079422283204
22 16 1.934057582793655e-06
22 18 0.056311482434327154
22 19 0.028951801674206943
22 21 0.0013640519231459525
22 22 0.05624561272775874
22 23 0.022845854446692133
22 26 0.02696515047805854
22 27 0.015743021317555405
22 28 0.0005708932452728473
22 30 3.841972450740577e-06
22 31 0.037727529230285745
22 33 4.694994568049919e-05
22 34 0.04110956999972298
22 36 0.04446799954607711
22 38 1.428340057267755e-05
22 40 0.00015409243996989953
22 42 6.222911770054342e-05
22 45 3.769564460731588e-06
22 46 0.0003221763430901826
22 47 0.01357723315840016
22 48 0.0068649757845767705
22 49 0.05103955965395738
22 50 0.0004286489288247405
22 51 0.046465666034002595
22 53 0.002197824690616159
22 54 0.00031924061396112926
22 55 0.02794685018709903
22 56 0.004085590391448751
22 57 0.006739471269292648
22 58 3.854815718238283e-05
22 59 6.180033338154766e-06
22 61 0.0001518728863740879
22 63 0.017226643831154916
22 64 0.05393449122237589
22 65 0.054259042428741
22 67 0.04331566852746121
22 68 0.05169227437350318
22 71 0.04715199650199607
22 72 0.011990463152069593
22 75 0.015465753061214725
22 76 0.00037631997330343043
22 77 0.0008219599812842128
22 78 0.04746869519717702
22 79 0.0004750567994626115
22 80 0.05484806506890803
22 81 0.05512528044022981
22 82 0.0001968016663775558
22 84 9.721691389394498e-06
22 86 0.007184089589389292
22 87 0.01787469309268862
22 89 6.852779558325688e-05
22 90 0.0049866567346707625
22 91 0.001932552295036821
22 92 0.023415748612071036
22 95 0.0008450929200826261
22 98 4.333083243622623e-06
22 99 0.0023923146951059437
22 100 0.010426203889222635
22 101 0.00377423299315078
23 0 0.0025391891352055888
23 1 0.0002376224926962346
23 2 0.000517167519954232
23 3 0.0007102916076665648
23 4 0.012466422446645637
23 5 0.00037026786186271214
23 6 0.00028026482979873375
23 7 0.016069167973014515
23 8 0.027510404770079173
23 9 0.009819910994489195
23 12 0.05688344243219819
23 13 0.006025714280689107
23 14 0.03518686759195479
23 15 0.007781726903507655
23 18 0.002098204337059806
23 19 0.06007758090581996
23 21 0.00016102304188518355
23 22 0.022845854446692133
23 23 0.08648562205586903
23 26 0.07514417658291019
23 27 0.05646237566736057
23 28 0.006879317247799656
23 30 0.00011686611736039807
23 31 0.06319096047562762
23 33 0.0020647825705409073
23 34 0.0010858945790714386
23 36 0.052421377292162924
23 38 0.0006592867990913887
23 40 0.00019388961231048464
23 42 0.0002824996077511337
23 47 0.05511755259586302
23 48 0.002714150063618936
23 49 0.0029233192104904347
23 50 0.005551580926575817
23 51 0.0477967183016324
23 54 0.00023486483372387132
23 55 0.0006652271550071745
23 57 0.0001829618393877845
23 59 6.971981470127477e-05
23 61 0.0023247767523110027
23 63 0.06932791006448763
23 64 0.03915147423675686
23 65 0.007166083896255441
23 67 0.04785351259571914
23 68 0.02756200410473546
23 71 0.045749678843734154
23 72 0.06395328982242604
23 75 0.050098986063141455
23 76 0.005398063966737003
23 77 0.005591907697485789
23 78 0.03411446633276708
23 79 7.13226119517427e-05
23 80 0.01064293215076315
23 81 0.02869115494948223
23 82 5.560423266158909e-06
23 86 0.004733061306876209
23 87 0.07808763450754413
23 89 0.0011051307282829207
23 90 0.013251088338544317
23 91 0.01903305754324498
23 92 0.08628700303390022
23 100 1.6976457454210523e-06
25 0 1.022523514134204e-05
25 4 3.706184562726752e-07
25 7 1.6419738481162536e-05
25 8 2.623512672884274e-06
25 9 3.817327778786405e-05
25 10 0.22837570753389289
25 14 1.0505242290125624e-05
25 21 1.7690884690349026e-05
25 25 0.2513831327358303
25 28 5.175225653852538e-05
25 29 0.11146983835171832
25 30 0.0019061377159610552
25 33 1.312752681442328e-06
25 38 0.00046457479366143794
25 40 0.04855357405032509
25 41 0.21455621923598148
25 42 0.00853328710609589
25 44 0.043169051409485966
25 50 7.394873083029864e-05
25 59 0.2619489194104696
25 61 0.0003856968347098346
25 72 4.662926810816833e-07
25 73 0.028387474892974628
25 76 1.4956193362865165e-06
25 77 3.691806787962704e-08
25 88 0.060375153465213494
25 89 0.0004978299421647903
25 90 7.0541882785366184e-06
25 91 2.7062796511273265e-05
25 94 0.20460384530433356
26 0 0.004823698192743944
26 1 0.00045017992626206454
26 2 0.0006683147196766053
26 3 0.0010933126054599857
26 4 0.008627622731436427
26 5 0.00011907234071513957
26 6 6.481684616152995e-05
26 7 0.0189776998491879
26 8 0.03278147844440424
26 9 0.012750511456017743
26 12 0.04497044584556564
26 13 0.009878575684972815
26 14 0.03308470214765382
26 15 0.01240878157027123
26 18 0.0030663096457046223
26 19 0.054328676806354746
26 21 0.00010244708886617102
26 22 0.02696515047805854
26 23 0.07514417658291019
26 26 0.07463937298130242
26 27 0.057325683383896535
26 28 0.008722734995027334
26 30 0.00021792255714533015
26 31 0.07400592792230222
26 33 0.004058074213184155
26 34 0.0018916302932704104
26 36 0.05897343107108941
26 38 0.0015302152628399836
26 40 0.0002489999561594495
26 42 0.00012587328467640618
26 47 0.04080768727356712
26 48 0.0042082294587569785
26 49 0.004367053889514651
26 50 0.0069156063397789215
26 51 0.05887291148247343
26 53 1.5530979333857717e-07
26 54 1.533870820791829e-05
26 55 0.0013584180064663523
26 57 0.0005680613280669002
26 58 1.78514829394925e-07
26 59 4.8890957086278856e-05
26 61 0.003912434662279438
26 63 0.06390982832331403
26 64 0.05684462453204328
26 65 0.011122754360786
26 67 0.04513567431914789
26 68 0.0374065656440727
26 71 0.060381561933387416
26 72 0.05021274080006179
26 75 0.05196933048927231
26 76 0.008577069323574006
26 77 0.009110989228596522
26 78 0.04764062262542819
26 79 0.0001217270034140079
26 80 0.015218764352970747
26 81 0.03394544554314668
26 86 0.007374139060177336
26 87 0.06337546708949583
26 89 0.0021687563577406947
26 90 0.018052843017709104
26 91 0.02004390961416541
26 92 0.07578338692946607
26 99 1.0209930762083872e-06
26 100 1.2629004657918398e-05
27 0 0.020850727744458453
27 1 0.000273872777828749
27 2 0.00024390480060783174
27 3 0.0005382862474397119
27 4 0.010409267896132352
27 5 6.858632176213128e-06
27 6 2.009266798049924e-06
27 7 0.043024518929662234
27 8 0.058592079765619795
27 9 0.033227554005407556
27 12 0.05519500296620173
27 13 0.00641099783959169
27 14 0.0567928067214648
27 15 0.008360966283039188
27 18 0.0016895762743319362
27 19 0.03307509274639385
27 21 4.1615712086885145e-05
27 22 0.015743021317555405
27 23 0.05646237566736057
27 26 0.057325683383896535
27 27 0.06394949810173171
27 28 0.023655066165504533
27 30 0.0016236605170302143
27 31 0.0497100842886015
27 33 0.016731364893201133
27 34 0.0008292291088520917
27 36 0.03390170382696453
27 38 0.008414996790463139
27 40 0.00011829586495598737
27 42 3.359732808092253e-05
27 47 0.03250415739869275
27 48 0.002747971881607971
27 49 0.0022391790996913324
27 50 0.018205366805929702
27 51 0.031437544458300756
27 54 3.629840046931691e-08
27 55 0.0006791849142408007
27 57 0.0004030391264975062
27 59 4.184344914071288e-05
27 61 0.014513755093282494
27 63 0.06586986739749343
27 64 0.03688052071829675
27 65 0.005885311570816764
27 67 0.02538768859069938
27 68 0.02434863985093229
27 71 0.03797227325151731
27 72 0.049149753917180586
27 75 0.05673019996656795
27 76 0.04652128533154521
27 77 0.045771175446366434
27 78 0.031216553054550032
27 79 8.49191759826957e-05
27 80 0.009059961937619512
27 81 0.020445440042148082
27 86 0.004934773872219165
27 87 0.05247675158540016
27 89 0.009343606252560229
27 90 0.038656795076537985
27 91 0.04245287341477957
27 92 0.05752932180413773
27 100 5.5297498169094305e-06
28 0 0.06290885169199144
28 1 4.04197967757292e-07
28 2 7.746541555784223e-07
28 3 3.452770386530005e-06
28 4 0.01741733329026149
28 5 2.219734323522798e-06
28 6 1.398088478963007e-07
28 7 0.057805710493877366
28 8 0.05339165217736161
28 9 0.06445073003034793
28 10 2.157427563692603e-05
28 12 0.020368277192239867
28 13 1.6081668282393627e-05
28 14 0.0428884457970821
28 15 0.00018466588504695462
28 16 4.689832265927498e-07
28 18 1.7291006314552763e-05
28 19 0.003202620962519217
28 21 1.8427699412417058e-06
28 22 0.0005708932452728473
28 23 0.006879317247799656
28 25 5.175225653852538e-05
28 26 0.008722734995027334
28 27 0.023655066165504533
28 28 0.07753656923199943
28 29 1.1035644195705812e-06
28 30 0.03314190510029684
28 31 0.004102988175594475
28 32 1.4453801078168194e-06
28 33 0.06507561921449717
28 34 3.958345747329613e-06
28 35 5.872101953599024e-06
28 36 0.001844799920329281
28 37 7.405733185994558e-06
28 38 0.05903336445032306
